scene0665_01 000435 000445 000419 000413 000407 000451 000399 000427
scene0664_02 000336 000365 000124 000315 000309 000114 000359 000133
scene0664_02 000740 000691 000756 000711 000591 000700 000566 000578
scene0664_02 001044 000998 001011 001065 001024 001079 001085 000984
scene0664_01 000706 000779 000721 000732 000806 000794 000685 000637
scene0664_01 000990 001013 000960 001017 000945 001021 001007 000931
scene0664_00 000007 000046 000286 000085 000102 000113 000297 000035
scene0664_00 001263 001298 001313 001306 001366 001238 001230 001326
scene0664_00 001326 001249 001236 001354 001298 001243 001306 001290
scene0666_00 000225 000416 000426 000409 000204 000213 000237 000197
scene0671_01 000127 000208 000213 000113 000107 000218 000204 000199
scene0671_00 000170 000206 000200 000192 000143 000152 000213 000220
scene0671_00 000444 000461 000434 000455 000467 000474 000450 000429
scene0671_00 000755 000742 000749 000770 000738 000734 000730 000727
scene0670_00 000492 000538 000457 000520 000527 000470 000416 000423
scene0670_00 000742 000718 000818 000708 000789 000810 000676 000827
scene0670_00 000801 000729 000822 000831 000719 000753 000708 000765
scene0670_00 001141 001093 001118 001174 001106 001083 001181 001125
scene0670_00 001440 001418 001409 001482 001455 001475 001489 001402
scene0670_00 001845 001875 001598 001809 001589 001821 001864 001798
scene0670_00 002544 002526 002518 002533 002556 002510 002584 002564
scene0670_00 002885 002862 002999 002991 003004 002923 002968 002937
scene0670_00 002891 002999 002862 002858 003009 002934 003004 002991
scene0672_00 000011 000053 000084 000062 000070 000078 000045 000095
scene0672_00 000212 000192 000223 000199 000186 000231 000177 000121
scene0672_00 000221 000194 000242 000208 000201 000234 000188 000357
scene0672_00 001700 001710 001672 001689 001677 001683 001716 001695
scene0670_01 000227 000290 000305 000202 000259 000208 000269 000315
scene0670_01 002025 002056 002172 002045 002180 002144 002165 002011
scene0670_01 002188 002173 002221 002205 002238 002211 002248 002166
scene0670_01 002868 002896 002913 002904 002799 002806 002818 002792
scene0670_01 003026 003054 003046 003084 003005 003069 002997 003040
scene0673_01 000378 000409 000400 000394 000361 000367 000386 000420
scene0673_01 000911 000930 000902 000924 000937 000942 000898 000918
scene0673_00 001104 001089 001114 001094 001084 001118 001079 001099
scene0673_00 001308 001289 001319 001294 001285 001323 001422 001282
scene0673_00 001543 001555 001560 001532 001565 001525 001571 001549
scene0673_00 001797 001787 001784 001807 001779 001812 001792 001774
scene0667_00 000179 000141 000132 000202 000209 000123 000216 000165
scene0667_00 000683 000670 000721 000725 000714 000701 000666 000729
scene0667_00 001299 001161 001167 001201 001188 001177 001289 001284
scene0667_00 001344 001327 001332 001353 001336 001359 001323 001340
scene0667_00 001554 001531 001515 001539 001566 001505 001496 001573
scene0667_00 001594 001575 001580 001584 001607 001603 001569 001589
scene0667_00 002163 002205 002134 002143 002190 002179 002214 002128
scene0667_00 003634 003606 003576 003584 003602 003559 003552 003596
scene0667_00 004079 004094 004052 004063 004058 004048 004107 004116
scene0667_00 004278 004299 004267 004292 004295 004259 004304 004286
scene0667_00 004384 004369 004364 004375 004393 004360 004397 004379
scene0667_01 000974 001142 001136 001147 000960 001001 000993 001129
scene0667_01 002973 003009 003000 002993 002960 003020 002949 003027
scene0667_01 002976 003014 002962 002995 002953 003002 003022 003034
scene0667_01 003283 003257 003299 003263 003254 003304 003250 003310
scene0667_01 003835 003857 003820 003848 003825 003814 003808 003830
scene0667_01 003862 003833 003828 003876 003846 003839 003872 003854
scene0672_01 000986 000997 001017 001008 001024 000970 001030 000964
scene0672_01 002984 003016 002973 002998 003005 002961 003010 002991
scene0673_02 001008 001047 000973 000979 001039 000985 001044 000994
scene0673_02 001391 001319 001372 001315 001410 001404 001312 001377
scene0673_02 002211 002265 002280 002270 002248 002238 002285 002202
scene0676_00 000284 000342 000331 000318 000238 000253 000304 000351
scene0676_00 000700 000670 000685 000690 000710 000659 000511 000505
scene0674_00 000396 000411 000417 000384 000424 000381 000404 000433
scene0674_00 002193 002077 002123 002141 002060 002218 002050 002103
scene0676_01 000049 000018 000488 000506 000078 000476 000025 000071
scene0676_01 000683 000720 000659 000715 000724 000649 000697 000729
scene0676_01 000828 000848 000767 000852 000781 000795 000756 000857
scene0677_00 000623 000541 000551 000580 000702 000674 000562 000587
scene0677_00 002235 002260 002255 002249 002222 002214 002264 002242
scene0677_01 000624 000582 000589 000606 000647 000598 000640 000613
scene0677_01 000837 000795 000870 000860 000815 000804 000877 000884
scene0677_01 000857 000797 000875 000882 000791 000888 000810 000830
scene0673_04 000547 000589 000601 000655 000572 000532 000662 000527
scene0673_04 000565 000544 000602 000662 000534 000656 000528 000630
scene0673_04 001468 001483 001492 001452 001445 001500 001440 001506
scene0673_04 002417 002409 002449 002442 002433 002453 002425 002404
scene0673_04 003609 003640 003593 003631 003585 003635 003645 003579
scene0678_01 000711 000722 000688 000698 000727 000693 000704 000683
scene0678_01 000810 000769 000778 000795 000787 000834 000825 000802
scene0678_01 001035 001066 001058 001047 001019 001052 001024 001042
scene0678_01 002002 002021 001991 002015 002025 001986 002009 002029
scene0678_01 002156 002141 002147 002135 002167 002172 002130 002151
scene0678_00 000447 000479 000429 000460 000465 000435 000471 000454
scene0678_00 000691 000670 000663 000677 000705 000657 000710 000684
scene0678_00 000792 000780 000813 000806 000828 000842 000774 000852
scene0678_00 000852 000799 000806 000871 000828 000864 000813 000842
scene0678_00 000962 000975 000933 000947 000981 000939 000927 000955
scene0678_00 001873 001887 001841 001859 001853 001894 001846 001866
scene0673_05 000534 000565 000523 000519 000553 000575 000514 000580
scene0673_05 000625 000644 000639 000648 000609 000632 000604 000652
scene0673_05 002486 002448 002495 002474 002455 002464 002440 002435
scene0673_05 002493 002483 002524 002509 002477 002516 002529 002500
scene0673_05 002625 002654 002645 002640 002607 002614 002649 002634
scene0673_05 003780 003753 003714 003729 003764 003739 003790 003707
scene0678_02 000117 000106 000140 000129 000101 000134 000123 000146
scene0681_00 000088 000098 000072 000078 000066 000061 000103 000054
scene0681_00 000772 000808 000757 000800 000814 000820 000749 000791
scene0683_00 000529 000570 000563 000500 000584 000485 000519 000548
scene0679_00 000191 000077 000087 000162 000223 000152 000070 000215
scene0679_00 000200 000181 000077 000223 000070 000247 000087 000162
scene0679_00 000435 000481 000473 000412 000446 000419 000487 000496
scene0679_00 001199 001255 001223 001174 001279 001264 001247 001292
scene0687_00 000067 000044 000049 000055 000077 000082 000038 000061
scene0679_01 000913 000888 000825 000817 000808 000896 000902 000780
scene0679_01 000997 000979 001173 001016 000972 000966 001179 001169
scene0685_01 000497 000486 000480 000507 000474 000518 000492 000465
scene0685_01 001038 001014 001052 001004 000998 001060 000981 001071
scene0685_01 001500 001526 001760 001765 001531 001769 001542 001774
scene0685_00 000412 000370 000439 000389 000358 000340 000433 000347
scene0685_00 000896 000778 000912 000880 000874 000766 000860 000788
scene0685_00 000941 000985 000960 000920 000971 000996 000911 001008
scene0685_00 001467 001435 001421 001494 001397 001407 001386 001442
scene0689_00 000088 000070 000101 000079 000097 000075 000065 000084
scene0689_00 000382 000369 000418 000397 000411 000404 000390 000364
scene0686_00 000213 000166 000233 000193 000172 000180 000246 000156
scene0686_00 000216 000182 000237 000195 000174 000168 000163 000249
scene0686_00 001239 001214 001251 001255 001222 001206 001259 001348
scene0686_00 001275 001325 001332 001257 001313 001253 001291 001337
scene0686_00 001456 001421 001393 001415 001366 001356 001432 001468
scene0688_00 000208 000241 000235 000195 000228 000187 000221 000215
scene0688_00 000231 000212 000243 000218 000205 000199 000250 000224
scene0688_00 000346 000309 000320 000372 000366 000296 000284 000382
scene0688_00 000608 000634 000624 000581 000639 000652 000647 000573
scene0688_00 000685 000660 000744 000737 000752 000726 000655 000646
scene0685_02 000565 000543 000675 000588 000536 000666 000529 000681
scene0685_02 000760 000798 000780 000736 000786 000810 000729 000824
scene0685_02 001823 001779 001789 001847 001796 001804 001860 001770
scene0691_00 000001 000052 000044 000059 000066 000072 000078 000084
scene0691_00 000083 000091 000065 000058 000071 000051 000095 000077
scene0691_00 000175 000204 000198 000187 000160 000192 000164 000182
scene0691_00 000316 000331 000348 000301 000338 000324 000294 000358
scene0691_00 000771 000796 000790 000733 000745 000802 000726 000807
scene0691_00 000778 000746 000805 000755 000799 000734 000810 000727
scene0693_00 000018 000504 000052 000057 000513 000522 000491 000065
scene0693_00 000764 000716 000723 000785 000709 000734 000779 000683
scene0693_02 000180 000361 000373 000381 000355 000389 000400 000348
scene0693_02 000418 000484 000502 000495 000460 000507 000477 000389
scene0693_02 001162 001137 001145 001151 001125 001171 001116 000871
scene0696_00 000483 000497 000506 000461 000450 000454 000444 000473
scene0696_00 000574 000543 000549 000593 000558 000602 000537 000608
scene0696_00 000610 000627 000574 000593 000582 000635 000566 000641
scene0693_01 000848 000887 000874 000867 000899 000832 000914 000818
scene0693_01 001306 001259 001316 001291 001322 001274 001283 001299
scene0694_00 001116 001106 001101 001125 001088 001095 001133 001111
scene0694_00 001797 001787 001819 001808 001782 001814 001802 001778
scene0694_01 000068 000083 000091 000052 000045 000039 000096 000031
scene0694_01 000086 000064 000069 000097 000055 000043 000048 000030
scene0694_01 001404 001424 001472 001417 001429 001492 001485 001393
scene0694_01 001468 001453 001421 001459 001415 001480 001408 001487
scene0694_01 001481 001493 001415 001468 001408 001463 001401 001459
scene0694_01 001622 001644 001640 001632 001636 001608 001613 001627
scene0696_02 000475 000461 000497 000492 000455 000503 000486 000510
scene0696_02 000882 000914 000902 000867 000855 000908 000897 000847
scene0696_01 000761 000749 000744 000773 000739 000780 000734 000755
scene0696_01 001014 000994 001027 001000 000988 001034 000982 001008
scene0698_00 001391 001366 001359 001376 001405 001411 001384 001353
scene0697_00 000367 000324 000341 000385 000332 000314 000348 000393
scene0699_00 001154 001183 000857 001172 001134 001177 001138 000851
scene0699_00 001600 001578 001572 001586 001611 001618 001566 001626
scene0699_00 001850 001824 001831 001816 001877 001871 001810 001836
scene0699_00 002021 002186 002041 001994 001985 001973 002004 002061
scene0697_02 000166 000149 000043 000186 000017 000197 000050 000218
scene0697_02 000496 000464 000577 000569 000587 000522 000457 000471
scene0697_02 002136 002117 002107 002152 002097 002127 002159 002090
scene0697_02 002685 002652 002718 002665 002659 002712 002703 002672
scene0697_03 000012 000146 000116 000095 000070 000133 000057 000160
scene0697_03 000038 000142 000107 000089 000000 000130 000065 000154
scene0697_03 000240 000281 000269 000222 000262 000256 000204 000249
scene0697_03 000883 000831 000905 000850 000919 000840 000926 000934
scene0697_01 000040 000103 000084 000094 000077 000111 000117 000123
scene0697_01 000690 000643 000653 000719 000629 000727 000619 000663
scene0697_01 000862 000839 000897 000887 000910 000877 000827 000922
scene0697_01 001802 001767 001756 001784 001827 001776 001816 001794
scene0697_01 001845 001872 001984 001863 001889 001827 001996 001919
scene0701_00 000660 000635 000676 000643 000608 000682 000603 000649
scene0701_00 000972 000908 000924 000897 000879 000886 000822 001007
scene0702_02 000369 000349 000355 000340 000331 000386 000391 000325
scene0701_02 000256 000268 000226 000241 000235 000275 000248 000281
scene0701_02 000342 000353 000358 000332 000269 000362 000328 000276
scene0701_02 000457 000434 000562 000543 000537 000556 000472 000424
scene0705_00 000261 000328 000239 000299 000348 000234 000373 000283
scene0705_00 000314 000382 000376 000371 000254 000275 000391 000245
scene0705_01 000123 000144 000153 000109 000170 000079 000161 000063
scene0704_01 000048 000250 000238 000244 000257 000233 000083 000265
scene0704_01 000297 000315 000267 000276 000260 000286 000252 000322
scene0700_01 001757 001839 001788 001782 001834 001844 001829 001794
scene0700_01 003284 003158 003186 003150 003252 003192 003144 003244
scene0700_01 003600 003506 003618 003496 003515 003537 003625 003662
scene0706_00 001555 001546 001576 001568 001583 001562 001591 001539
scene0700_02 001453 001401 001406 001419 001491 001412 001481 001474
scene0700_02 001795 001830 001780 001841 001775 001819 001851 001771
scene0700_02 002551 002512 002496 002577 002522 002531 002503 002585
scene0700_02 003274 003242 003315 003307 003321 003231 003217 003326
scene0700_00 000900 000806 000809 000813 000793 000888 000925 000920
scene0700_00 000914 000806 000809 000793 000813 000896 000890 000926
scene0700_00 001930 001905 001985 001893 001969 001957 001994 001886
scene0700_00 002804 002839 002835 002826 002702 002785 002842 002811
scene0700_00 003048 003018 003070 003024 003013 003075 003031 003080
