42444503
42444511
42444512
42444513
42444514
42444515
42444517
42444574
42444579
42444588
42444791
42444793
42444794
42444821
42444822
42444826
42444858
42444859
42444860
42444866
42444869
42444872
42444873
42444875
42444876
42444883
42444885
42444887
42444891
42444892
42444896
42444904
42444907
42445198
42445205
42445211
42445428
42445444
42445445
42445451
42445476
42445478
42445479
42445494
42445498
42445502
42445584
42445633
42445639
42445642
42445670
42445676
42445680
42445684
42445689
42445692
42445697
42445707
42445716
42445718
42445720
42445721
42445723
42445728
42445729
42445736
42445745
42445758
42445766
42445770
42445802
42445804
42445806
42445862
42445864
42445865
42445884
42445888
42445889
42445891
42445970
42445987
42445999
42446008
42446017
42446031
42446036
42446039
42446048
42446050
42446057
42446061
42446068
42446080
42446159
42446164
42446445
42446450
42446495
42446497
42446558
42446561
42446574
42446576
42446579
42446605
42446608
42447202
42447205
42447210
42447221
42447226
42447230
42447233
42447275
42447287
42447294
42447307
42447308
42447310
42897418
42897419
42897422
42897426
42897434
42897675
42897677
42897681
42897720
42897722
42897785
42897815
42897818
42897851
42897857
42897863
42897868
42897877
42897892
42897898
42897924
42897925
42897928
42897930
42897931
42897934
42897939
42897945
42897948
42898052
42898065
42898067
42898068
42898083
42898087
42898089
42898094
42898097
42898098
42898100
42898109
42898112
42898123
42898125
42898132
42898135
42898141
42898163
42898169
42898182
42898332
42898334
42898337
42898340
42898342
42898343
42898345
42898348
42898470
42898477
42898500
42898501
42898502
42898510
42898511
42898526
42898551
42898555
42898558
42898560
42898571
42898577
42898738
42898745
42898754
42898756
42898760
42899109
42899111
42899112
42899118
42899119
42899120
42899125
42899126
42899128
42899140
42899141
42899144
42899198
42899202
42899209
42899210
42899216
42899220
42899221
42899259
42899287
42899292
42899295
42899432
42899433
42899435
42899445
42899448
42899489
42899491
42899513
42899540
42899542
42899543
42899550
42899559
42899562
42899598
42899600
42899603
42899657
42899664
42899666
42899668
42899670
42899977
42923203
42923204
42923225
42923226
43649397
43649399
43649403
43649408
43649409
43649417
43649440
43649451
43649452
43649480
43649484
43649586
43649589
43649590
43649605
43649609
43649612
43649613
43649614
43649615
43649633
43649634
43649639
43649643
43649647
43649648
43649654
43649660
43649662
43649680
43649681
43649685
43649707
43649714
43649720
43649722
43649727
43649729
43649732
43649742
43649743
43649762
43649763
43649767
43649787
43649794
43649798
43828138
43828142
43828144
43828149
43828154
43828245
43828250
43828270
43828282
43828323
43828345
43828350
43828351
43828366
43828368
43828369
43828390
43828391
43828393
43828421
43828423
43828435
43828437
43828455
43828456
43828457
43828460
43828463
43828464
43828476
43828478
43895956
43895960
43895969
43896177
43896183
43896244
43896247
43896249
43896251
43896256
44358170
44358173
44358176
44358220
44358222
44358225
44358227
44358230
44358234
44358235
44358250
44358252
44358253
44358263
44358268
44358270
44358289
44358291
44358295
44358360
44358361
44358418
44358419
44358422
44358471
44358472
44358700
44358707
44358710
44796189
44796190
44796191
44796271
44796279
44796280
44796282
44796450
44796451
44796455
44796491
44796492
44796498
44796562
44796568
44796575
44796576
44796579
44796584
44796585
44796752
45261080
45261087
45261089
45261096
45261099
45261100
45261108
45261153
45261158
45261164
45261219
45261228
45261230
45261241
45261246
45261248
45261251
45261252
45261257
45261263
45261265
45261269
45261292
45261294
45261297
45261317
45261323
45261326
45261395
45261397
45261399
45261485
45261486
45261490
45261522
45261524
45261527
45261565
45261569
45261571
45261598
45261600
45261601
45261641
45261645
45261651
45261653
45261658
45261662
45261665
45261666
45261672
45261675
45261677
45261688
45261689
45261695
45261709
45261710
45261713
45261722
45261725
45261728
45662805
45662806
45662809
45662812
45662813
45662816
45662882
45662884
45662886
45662959
45662960
45662962
45662995
45662996
45662998
45663007
45663009
45663257
45663258
45663262
45663340
45663342
45663343
45663347
45663349
45663363
45663397
45663398
45663401
47115135
47115136
47115137
47115154
47115156
47115158
47115161
47115165
47115166
47115205
47115216
47115217
47115222
47115227
47115235
47115238
47115240
47115244
47115276
47115287
47115299
47115304
47115321
47115322
47115361
47115362
47115363
47115379
47115384
47115412
47115415
47115442
47115445
47115448
47115501
47115504
47115508
47115573
47115574
47115575
47115619
47115621
47115623
47115648
47115649
47115650
47204271
47204274
47204275
47204289
47204291
47204296
47204350
47204362
47204363
47204387
47204390
47204392
47204398
47204519
47204522
47204524
47204585
47204589
47204591
47204724
47204726
47204730
47204734
47204736
47204739
47204741
47204744
47204747
47204791
47204795
47204800
47204850
47204852
47204856
47204857
47204858
47204861
47204863
47204864
47204874
47204876
47204877
47204887
47204888
47204892
47331008
47331010
47331039
47331040
47331041
47331048
47331049
47331053
47331133
47331134
47331136
47331139
47331140
47331143
47331144
47331146
47331148
47331159
47331173
47331174
47331175
47331183
47331240
47331273
47331292
47331294
47331298
47331355
47331356
47331358
47331518
47331520
47331522
47331524
47331525
47331527
47331533
47331536
47331539
47331541
47331542
47331544
47331549
47331552
47331557
47331573
47331575
47331576
47331587
47331589
47331591
47331604
47331606
47331607
47331615
47331617
47331618
47331684
47331686
47331707
47331710
47331711
47331762
47331765
47331766
47331793
47331795
47331796
47331938
47331942
47331945
47331946
47331947
47332015
47332016
47332046
47332048
47332049
47332066
47332072
47332074
47332081
47332083
47332084
47332152
47332156
47332161
47332195
47332197
47332297
47332298
47332301
47332311
47332312
47332314
47332320
47332401
47332415
47332417
47332418
47332480
47332482
47332487
47332489
47332490
47332503
47332505
47332526
47332529
47332530
47332593
47332618
47332622
47332698
47332703
47332704
47332705
47332746
47332748
47332751
47332757
47332758
47332759
47332764
47332766
47332769
47332774
47332777
47332778
47332817
47332818
47332819
47332833
47332834
47332837
47332937
47332939
47332940
47332951
47332952
47332954
47332956
47332983
47332986
47332987
47332988
47333031
47333033
47333035
47333040
47333043
47333045
47333122
47333133
47333134
47333135
47333153
47333159
47333164
47333165
47333166
47333168
47333174
47333175
47333188
47333189
47333194
47333195
47333199
47333201
47333203
47333222
47333224
47333225
47333233
47333239
47333241
47333243
47333244
47333249
47333264
47333265
47333268
47333292
47333293
47333298
47333468
47333472
47333473
47333475
47333477
47333479
47333480
47333482
47333484
47333486
47333487
47333497
47333512
47333513
47333514
47333521
47333561
47333562
47333564
47333565
47333574
47333589
47333590
47333593
47333610
47333612
47333618
47333623
47333624
47333625
47333635
47333636
47333637
47333647
47333659
47333660
47333665
47333666
47333668
47333810
47333812
47333815
47333826
47333827
47333828
47333846
47333847
47333851
47333870
47333873
47333875
47333876
47333882
47333884
47333888
47333890
47333892
47333945
47333946
47333949
47333963
47333964
47333965
47333973
47333974
47333975
47333988
47333994
47333996
47334130
47334131
47334151
47334153
47334154
47334161
47334163
47334165
47334169
47334194
47334195
47334480
47334482
47334483
47334539
47334540
47334543
47334544
47334547
47334548
47334552
47334557
47334558
47334559
47334565
47334566
47334609
47334649
47334652
47334655
47334791
47429682
47429688
47429717
47429720
47429721
47429723
47429725
47429728
47429729
47429736
47429738
47429739
47429750
47429752
47429753
47429756
47429758
47429762
47429765
47429766
47429771
47429773
47429774
47429786
47429787
47429788
47429851
47429854
47429855
47429888
47429889
47429890
47430074
47430077
47430107
47430127
47430132
47430280
47430287
47430288
47430294
47430298
47430439
47430441
47430442
47430449
47430452
47430455
47430554
47430646
47430661
47430696
47430702
47430722
47430724
47430726
47430739
47430740
47430785
47430805
47430808
47430809
47430831
47430832
47430834
47430855
47430857
47430858
47430860
47430862
47430894
47430896
47430898
47430900
47430901
47430904
47431088
47431090
47431091
47431092
47431153
47431155
47431173
47669851
47669854
47669856
47669874
47669876
47669878
47669880
47669881
47669896
47669901
47669903
47669907
47669909
47669911
47669913
47669917
47669925
47669927
47669934
47669936
47669937
47669968
47669978
47669980
47669984
47670008
47670011
47670023
47670028
47670031
47670053
47670063
47670064
47670066
47670073
47670074
47670075
47670100
47670105
47670109
47670171
47670174
47670182
47670183
47670184
47670191
47670232
47670233
47670234
47670242
47670244
47670250
47670295
47670299
47670305
47670311
47670315
47670318
47670323
47670324
47670328
47670334
47670340
47670346
47895179
47895184
47895186
47895196
47895197
47895199
47895221
47895263
47895285
47895286
47895520
47895718
47895719
47895720
47895891
47895899
47895900
47895903
47895904
47895909
47895910
47895911
48017884
48018067
48018068
48018069
48018071
48018081
48018084
48018087
48018089
48018090
48018155
48018311
48018312
48018315
48018317
48018318
48018320
48018331
48018334
48018404
48018405
48018584
48018746
48018750
48018751
48018757
48018758
48018760
48018776
48018778
48018780
48018785
48018788
48018789
48018790
48018791
48018800
48018802
48018804
48018808
48018809
48018811
48018815
48018818
48458211
48458218
48458219
48458221
48458225
48458228
48458231
48458235
48458245
48458249
48458251
48458252
48458282
48458283
48458286
48458637
48458639
48458640
48458703
48458704
48458706
48458716
48458717
48458719
