41048190
41048223
41048225
41048229
41048247
41048249
41048251
41048262
41048264
41048265
42444474
42444477
42444490
42444499
42444501
42444692
42444695
42444696
42444703
42444706
42444708
42444709
42444711
42444712
42444716
42444719
42444721
42444733
42444735
42444738
42444748
42444750
42444751
42444754
42444755
42444758
42444762
42444767
42444768
42444787
42444789
42444913
42444916
42444917
42444923
42444924
42444928
42444932
42444933
42445044
42445047
42445057
42445060
42445063
42445078
42445079
42445081
42445100
42445103
42445132
42445135
42445137
42445168
42445169
42445173
42445587
42445592
42445597
42445599
42445611
42445612
42445615
42445619
42445691
42445695
42445698
42445769
42445771
42445775
42445781
42445782
42445783
42445784
42445785
42445788
42445790
42445794
42445796
42445799
42445834
42445869
42445872
42445873
42445877
42445881
42445882
42445894
42445902
42445903
42445913
42445916
42445922
42445924
42445927
42445931
42445938
42446467
42446468
42446478
42446492
42446493
42446607
42447199
42447203
42447214
42447320
42447329
42447336
42897405
42897409
42897410
42897436
42897439
42897442
42897452
42897455
42897478
42897479
42897480
42897482
42897490
42897509
42897512
42897523
42897547
42897560
42897598
42897600
42897605
42897607
42897631
42897633
42897634
42897655
42897709
42897712
42897713
42897732
42897735
42897736
42897743
42897744
42897745
42897755
42897756
42897771
42897776
42897777
42897780
42897783
42897784
42897955
42897960
42897967
42898006
42898007
42898057
42898059
42898061
42898070
42898071
42898075
42898156
42898160
42898162
42898189
42898191
42898195
42898221
42898230
42898234
42898236
42898247
42898248
42898391
42898392
42898393
42898405
42898407
42898408
42898447
42898448
42898449
42898454
42898458
42898461
42898586
42898587
42898596
42898750
42898751
42898752
42898762
42898765
42898768
42898802
42898803
42898808
42899132
42899137
42899139
42899154
42899163
42899165
42899175
42899177
42899178
42899184
42899185
42899187
42899211
42899214
42899215
42899452
42899453
42899455
42899526
42899529
42899531
42899533
42899624
42899630
42899632
42899650
42899653
42899654
42899774
42899775
42899778
42899780
42899789
42899795
42899797
42899817
42899819
42899821
42899822
42899828
42899829
42899968
42899970
42899975
42923207
42923208
42923211
43649384
43649391
43649393
43649421
43649425
43649426
43649459
43649463
43649464
43649597
43649598
43649603
43649686
43649688
43649692
43649754
43649755
43649756
43649772
43649774
43649775
43649802
43649804
43828162
43828230
43828231
43828233
43828307
43828334
43828339
43828340
43828361
43828362
43828380
43828381
43828382
43828402
43828404
43828441
43828442
43828449
43896024
43896035
43896055
43896063
43896089
43896169
43896170
43896186
43896187
43896188
43896199
43896223
43896224
43896229
44358167
44358238
44358241
44358243
44358256
44358257
44358258
44358259
44358274
44358278
44358281
44358324
44358327
44358328
44358340
44358341
44358345
44358378
44358380
44358386
44358406
44358407
44358410
44358423
44358426
44358428
44358617
44358620
44358634
44358645
44358647
44358660
44358673
44358691
44358693
44358698
44358728
44358729
44358731
44796252
44796254
44796257
44796304
44796310
44796311
44796324
44796326
44796332
44796340
44796343
44796358
44796366
44796367
44796374
44796379
44796387
44796438
44796443
44796446
44796473
44796475
44796477
44796481
44796483
44796484
44796485
44796487
44796488
44796505
44796507
44796517
44796520
44796521
44796596
44796598
44796709
44796722
44796744
45260889
45260890
45260891
45260892
45260895
45260946
45260947
45260951
45260952
45260957
45261167
45261169
45261172
45261201
45261203
45261206
45261275
45261277
45261281
45261288
45261289
45261290
45261313
45261314
45261329
45261331
45261332
45261339
45261343
45261344
45261355
45261357
45261378
45261381
45261382
45261384
45261390
45261392
45261406
45261407
45261413
45261452
45261455
45261457
45261495
45261499
45261502
45261507
45261509
45261515
45261532
45261533
45261541
45261544
45261547
45261548
45261556
45261562
45261681
45261682
45261686
45662791
45662796
45662800
45662826
45662833
45662835
45662839
45662870
45662874
45662875
45662890
45662891
45662897
45662905
45662908
45662912
45662950
45662951
45662956
45663044
45663051
45663053
45663064
45663065
45663248
45663250
45663255
45663312
45663313
45663317
45663322
45663330
45663332
45663368
45663376
45663377
45663404
45663409
45663415
47115118
47115126
47115127
47115129
47115131
47115132
47115143
47115148
47115150
47115180
47115194
47115195
47115197
47115198
47115199
47115201
47115255
47115256
47115258
47115334
47115336
47115338
47115422
47115427
47115624
47115628
47115634
47204303
47204304
47204305
47204316
47204319
47204325
47204329
47204330
47204335
47204341
47204342
47204449
47204451
47204453
47204473
47204482
47204493
47204494
47204499
47204505
47204506
47204517
47204529
47204533
47204535
47204757
47204761
47204763
47204780
47204783
47204786
47204813
47204816
47204818
47204820
47204824
47204828
47204832
47204836
47204840
47204842
47204843
47204919
47204920
47204921
47330997
47331002
47331003
47331276
47331279
47331281
47331283
47331388
47331390
47331393
47331495
47331496
47331498
47331558
47331560
47331561
47331619
47331621
47331622
47331625
47331627
47331631
47331770
47331771
47331772
47331931
47332075
47332079
47332080
47332597
47332598
47332599
47332792
47332795
47332796
47332808
47332810
47332812
47332946
47332950
47333053
47333055
47333056
47333058
47333060
47333061
47333125
47333138
47333139
47333205
47333206
47333209
47333274
47333277
47333281
47333283
47333288
47333308
47333310
47333319
47333323
47333324
47333325
47333329
47333331
47333332
47333369
47333370
47333372
47333603
47333774
47333776
47333778
47333785
47333786
47333787
47333801
47333803
47333806
47333836
47333838
47333840
47333862
47333863
47333864
47333865
47334000
47334001
47334005
47334046
47334050
47334052
47334055
47334057
47334058
47334066
47334068
47334069
47334070
47334074
47334080
47334493
47334498
47334499
47334514
47334525
47334627
47334628
47334629
47334666
47334669
47334672
47334768
47334770
47334808
47334810
47429646
47429650
47429663
47429664
47429670
47429671
47429689
47429694
47429841
47429844
47429846
47429860
47429861
47429867
47429870
47429871
47429874
47430056
47430058
47430060
47430065
47430067
47430068
47430092
47430094
47430097
47430100
47430101
47430103
47430111
47430114
47430137
47430140
47430141
47430155
47430189
47430192
47430193
47430262
47430269
47430271
47430408
47430410
47430414
47430519
47430525
47430530
47430531
47430536
47430565
47430566
47430568
47430637
47430640
47430679
47430683
47430690
47430692
47430694
47430732
47430795
47430800
47430802
47430814
47430818
47430820
47430822
47430824
47430828
47430839
47430840
47430844
47430845
47430854
47430924
47430928
47430931
47430934
47430935
47430937
47430939
47430940
47430942
47430944
47430948
47430949
47430950
47430962
47430964
47430966
47431030
47431034
47431071
47431072
47431073
47431076
47431078
47431081
47431082
47431083
47431103
47431106
47431107
47669939
47669943
47669948
47670001
47670002
47670003
47670038
47670039
47670040
47670133
47670134
47670136
47670149
47670150
47670195
47670197
47670201
47670208
47670218
47670224
47670269
47670270
47670271
47670288
47670291
47670293
47670350
47670356
47670358
47895187
47895191
47895192
47895201
47895206
47895207
47895231
47895233
47895249
47895250
47895325
47895446
47895448
47895478
47895480
47895622
47895653
47895659
47895661
47895662
47895678
47895680
47895978
47895979
47895983
48018010
48018079
48018249
48018250
48018252
48458202
48458203
48458206
48458259
48458260
48458262
48458295
48458297
48458301
48458566
48458569
48458572
48458582
48458584
48458587
48458675
48458678
48458688
48458690
48458700
